# Black Hole Lifecycle: Field-Driven Cosmology Results
# w (field) = -0.9954 (DESI: -0.85)
# K/V = 0.08108 (paper: 0.0811)
# Relic pressureless mean residual = 3.48e-04
# BH relic mass = 2.18e-13 kg
# Relic identity chi = 0.999990
# Growth rate f = 0.5285
# v_c(10kpc) = 153.1 km/s
# v_c(100kpc) = 117.5 km/s
# All checks pass: True
#
# Section 1: Cosmic Expansion
# ln(a)	a(t)	H/H0	w(t)	rho_phi/rho_crit
-7.0000	0.000912	23804.9381	-1.0000	0.700009
-6.9719	0.000938	22743.1431	0.9999	23775.514038
-6.9439	0.000965	21730.2781	0.9999	18342.377121
-6.9158	0.000992	20764.0429	0.9999	14152.921661
-6.8878	0.001020	19842.2030	0.9999	10921.963389
-6.8597	0.001049	18962.6363	0.9998	8429.831830
-6.8317	0.001079	18123.3263	0.9998	6507.291601
-6.8036	0.001110	17322.3572	0.9997	5023.941105
-6.7756	0.001141	16557.9085	0.9996	3879.285007
-6.7475	0.001174	15828.2498	0.9995	2995.863022
-6.7194	0.001207	15131.7365	0.9994	2313.960421
-6.6914	0.001242	14466.8050	0.9992	1787.535427
-6.6633	0.001277	13831.9687	0.9990	1381.083012
-6.6353	0.001313	13225.8139	0.9987	1067.219365
-6.6072	0.001351	12646.9965	0.9983	824.821114
-6.5792	0.001389	12094.2378	0.9978	637.591666
-6.5511	0.001429	11566.3216	0.9972	492.956431
-6.5230	0.001469	11062.0908	0.9963	381.211358
-6.4950	0.001511	10580.4445	0.9953	294.866580
-6.4669	0.001554	10120.3352	0.9939	228.140404
-6.4389	0.001598	9680.7660	0.9921	176.569118
-6.4108	0.001644	9260.7880	0.9898	136.706087
-6.3828	0.001690	8859.4980	0.9868	105.889651
-6.3547	0.001739	8476.0362	0.9829	82.064080
-6.3267	0.001788	8109.5840	0.9780	63.641427
-6.2986	0.001839	7759.3618	0.9717	49.394932
-6.2705	0.001891	7424.6272	0.9635	38.376748
-6.2425	0.001945	7104.6732	0.9531	29.854437
-6.2144	0.002000	6798.8264	0.9398	23.261954
-6.1864	0.002057	6506.4452	0.9229	18.161788
-6.1583	0.002116	6226.9184	0.9015	14.215742
-6.1303	0.002176	5959.6634	0.8746	11.162354
-6.1022	0.002238	5704.1255	0.8409	8.799468
-6.0741	0.002302	5459.7755	0.7992	6.970763
-6.0461	0.002367	5226.1093	0.7480	5.555347
-6.0180	0.002434	5002.6464	0.6861	4.459720
-5.9900	0.002504	4788.9285	0.6124	3.611556
-5.9619	0.002575	4584.5189	0.5262	2.954907
-5.9339	0.002648	4389.0010	0.4277	2.446487
-5.9058	0.002724	4201.9776	0.3180	2.052802
-5.8778	0.002801	4023.0698	0.1990	1.747937
-5.8497	0.002881	3851.9162	0.0740	1.511834
-5.8216	0.002963	3688.1722	-0.0535	1.328969
-5.7936	0.003047	3531.5089	-0.1791	1.187329
-5.7655	0.003134	3381.6125	-0.2992	1.077610
-5.7375	0.003223	3238.1836	-0.4104	0.992613
-5.7094	0.003315	3100.9364	-0.5107	0.926763
-5.6814	0.003409	2969.5984	-0.5987	0.875744
-5.6533	0.003506	2843.9093	-0.6742	0.836212
-5.6253	0.003606	2723.6205	-0.7379	0.805579
-5.5972	0.003708	2608.4949	-0.7907	0.781840
-5.5691	0.003814	2498.3061	-0.8338	0.763443
-5.5411	0.003922	2392.8378	-0.8687	0.749185
-5.5130	0.004034	2291.8836	-0.8967	0.738133
-5.4850	0.004149	2195.2464	-0.9190	0.729567
-5.4569	0.004267	2102.7377	-0.9366	0.722927
-5.4289	0.004388	2014.1779	-0.9505	0.717779
-5.4008	0.004513	1929.3950	-0.9614	0.713788
-5.3727	0.004641	1848.2249	-0.9699	0.710694
-5.3447	0.004773	1770.5109	-0.9766	0.708295
-5.3166	0.004909	1696.1030	-0.9818	0.706435
-5.2886	0.005049	1624.8583	-0.9859	0.704993
-5.2605	0.005193	1556.6398	-0.9890	0.703875
-5.2325	0.005340	1491.3168	-0.9915	0.703007
-5.2044	0.005492	1428.7644	-0.9934	0.702335
-5.1764	0.005649	1368.8632	-0.9949	0.701813
-5.1483	0.005809	1311.4990	-0.9960	0.701408
-5.1202	0.005975	1256.5627	-0.9969	0.701094
-5.0922	0.006145	1203.9499	-0.9976	0.700851
-5.0641	0.006319	1153.5610	-0.9981	0.700662
-5.0361	0.006499	1105.3006	-0.9986	0.700516
-5.0080	0.006684	1059.0774	-0.9989	0.700402
-4.9800	0.006874	1014.8043	-0.9991	0.700314
-4.9519	0.007070	972.3979	-0.9993	0.700246
-4.9238	0.007271	931.7784	-0.9995	0.700193
-4.8958	0.007478	892.8696	-0.9996	0.700151
-4.8677	0.007691	855.5985	-0.9997	0.700119
-4.8397	0.007910	819.8953	-0.9998	0.700095
-4.8116	0.008135	785.6933	-0.9998	0.700075
-4.7836	0.008366	752.9286	-0.9999	0.700061
-4.7555	0.008604	721.5401	-0.9999	0.700049
-4.7275	0.008849	691.4693	-0.9999	0.700040
-4.6994	0.009101	662.6604	-0.9999	0.700033
-4.6713	0.009360	635.0597	-0.9999	0.700028
-4.6433	0.009626	608.6162	-1.0000	0.700023
-4.6152	0.009900	583.2807	-1.0000	0.700020
-4.5872	0.010182	559.0065	-1.0000	0.700018
-4.5591	0.010471	535.7485	-1.0000	0.700016
-4.5311	0.010769	513.4639	-1.0000	0.700014
-4.5030	0.011076	492.1116	-1.0000	0.700013
-4.4749	0.011391	471.6521	-1.0000	0.700012
-4.4469	0.011715	452.0479	-1.0000	0.700011
-4.4188	0.012048	433.2629	-1.0000	0.700011
-4.3908	0.012391	415.2625	-1.0000	0.700010
-4.3627	0.012744	398.0137	-1.0000	0.700010
-4.3347	0.013106	381.4849	-1.0000	0.700010
-4.3066	0.013479	365.6458	-1.0000	0.700010
-4.2786	0.013863	350.4673	-1.0000	0.700009
-4.2505	0.014257	335.9218	-1.0000	0.700009
-4.2224	0.014663	321.9827	-1.0000	0.700009
-4.1944	0.015080	308.6245	-1.0000	0.700009
-4.1663	0.015509	295.8228	-1.0000	0.700009
-4.1383	0.015950	283.5542	-1.0000	0.700009
-4.1102	0.016404	271.7965	-1.0000	0.700009
-4.0822	0.016871	260.5282	-1.0000	0.700009
-4.0541	0.017351	249.7289	-1.0000	0.700009
-4.0261	0.017845	239.3789	-1.0000	0.700009
-3.9980	0.018352	229.4593	-1.0000	0.700009
-3.9699	0.018875	219.9522	-1.0000	0.700009
-3.9419	0.019412	210.8404	-1.0000	0.700009
-3.9138	0.019964	202.1073	-1.0000	0.700009
-3.8858	0.020532	193.7371	-1.0000	0.700009
-3.8577	0.021116	185.7147	-1.0000	0.700009
-3.8297	0.021717	178.0254	-1.0000	0.700009
-3.8016	0.022335	170.6555	-1.0000	0.700009
-3.7735	0.022970	163.5916	-1.0000	0.700009
-3.7455	0.023624	156.8209	-1.0000	0.700009
-3.7174	0.024296	150.3312	-1.0000	0.700009
-3.6894	0.024988	144.1108	-1.0000	0.700009
-3.6613	0.025699	138.1484	-1.0000	0.700009
-3.6333	0.026430	132.4334	-1.0000	0.700009
-3.6052	0.027182	126.9554	-1.0000	0.700009
-3.5772	0.027955	121.7045	-1.0000	0.700009
-3.5491	0.028751	116.6714	-1.0000	0.700009
-3.5210	0.029569	111.8469	-1.0000	0.700009
-3.4930	0.030410	107.2223	-1.0000	0.700009
-3.4649	0.031275	102.7894	-1.0000	0.700009
-3.4369	0.032165	98.5401	-1.0000	0.700009
-3.4088	0.033080	94.4669	-1.0000	0.700009
-3.3808	0.034022	90.5624	-1.0000	0.700009
-3.3527	0.034990	86.8197	-1.0000	0.700009
-3.3246	0.035985	83.2319	-1.0000	0.700009
-3.2966	0.037009	79.7927	-1.0000	0.700009
-3.2685	0.038062	76.4959	-1.0000	0.700009
-3.2405	0.039145	73.3355	-1.0000	0.700009
-3.2124	0.040259	70.3060	-1.0000	0.700009
-3.1844	0.041404	67.4019	-1.0000	0.700009
-3.1563	0.042582	64.6179	-1.0000	0.700009
-3.1283	0.043794	61.9492	-1.0000	0.700009
-3.1002	0.045040	59.3908	-1.0000	0.700009
-3.0721	0.046322	56.9383	-1.0000	0.700009
-3.0441	0.047640	54.5873	-1.0000	0.700009
-3.0160	0.048995	52.3336	-1.0000	0.700009
-2.9880	0.050389	50.1730	-1.0000	0.700009
-2.9599	0.051823	48.1018	-1.0000	0.700009
-2.9319	0.053298	46.1163	-1.0000	0.700009
-2.9038	0.054814	44.2129	-1.0000	0.700009
-2.8758	0.056374	42.3882	-1.0000	0.700009
-2.8477	0.057978	40.6389	-1.0000	0.700009
-2.8196	0.059627	38.9620	-1.0000	0.700009
-2.7916	0.061324	37.3544	-1.0000	0.700009
-2.7635	0.063069	35.8132	-1.0000	0.700009
-2.7355	0.064863	34.3358	-1.0000	0.700009
-2.7074	0.066709	32.9195	-1.0000	0.700009
-2.6794	0.068607	31.5617	-1.0000	0.700009
-2.6513	0.070559	30.2601	-1.0000	0.700009
-2.6232	0.072567	29.0122	-1.0000	0.700009
-2.5952	0.074632	27.8160	-1.0000	0.700009
-2.5671	0.076755	26.6692	-1.0000	0.700009
-2.5391	0.078939	25.5698	-1.0000	0.700009
-2.5110	0.081185	24.5158	-1.0000	0.700009
-2.4830	0.083495	23.5055	-1.0000	0.700009
-2.4549	0.085871	22.5369	-1.0000	0.700009
-2.4269	0.088314	21.6083	-1.0000	0.700009
-2.3988	0.090827	20.7182	-1.0000	0.700009
-2.3707	0.093411	19.8649	-1.0000	0.700009
-2.3427	0.096069	19.0468	-1.0000	0.700009
-2.3146	0.098803	18.2626	-1.0000	0.700009
-2.2866	0.101614	17.5108	-1.0000	0.700009
-2.2585	0.104505	16.7902	-1.0000	0.700009
-2.2305	0.107479	16.0993	-1.0000	0.700009
-2.2024	0.110537	15.4371	-1.0000	0.700009
-2.1743	0.113682	14.8022	-1.0000	0.700009
-2.1463	0.116917	14.1937	-1.0000	0.700009
-2.1182	0.120243	13.6103	-1.0000	0.700009
-2.0902	0.123665	13.0511	-1.0000	0.700009
-2.0621	0.127184	12.5151	-1.0000	0.700009
-2.0341	0.130802	12.0013	-1.0000	0.700009
-2.0060	0.134524	11.5088	-1.0000	0.700009
-1.9780	0.138352	11.0367	-1.0000	0.700009
-1.9499	0.142288	10.5842	-1.0000	0.700009
-1.9218	0.146337	10.1505	-1.0000	0.700009
-1.8938	0.150501	9.7348	-1.0000	0.700009
-1.8657	0.154783	9.3364	-1.0000	0.700009
-1.8377	0.159187	8.9545	-1.0000	0.700009
-1.8096	0.163716	8.5886	-1.0000	0.700009
-1.7816	0.168375	8.2378	-1.0000	0.700009
-1.7535	0.173166	7.9017	-1.0000	0.700009
-1.7255	0.178093	7.5796	-1.0000	0.700009
-1.6974	0.183160	7.2710	-1.0000	0.700009
-1.6693	0.188372	6.9752	-1.0000	0.700009
-1.6413	0.193731	6.6918	-1.0000	0.700009
-1.6132	0.199244	6.4203	-1.0000	0.700009
-1.5852	0.204913	6.1602	-1.0000	0.700009
-1.5571	0.210743	5.9110	-1.0000	0.700009
-1.5291	0.216740	5.6723	-1.0000	0.700009
-1.5010	0.222907	5.4436	-1.0000	0.700009
-1.4729	0.229249	5.2246	-1.0000	0.700009
-1.4449	0.235772	5.0148	-1.0000	0.700009
-1.4168	0.242481	4.8139	-1.0000	0.700009
-1.3888	0.249380	4.6216	-1.0000	0.700009
-1.3607	0.256476	4.4374	-1.0000	0.700009
-1.3327	0.263773	4.2611	-1.0000	0.700009
-1.3046	0.271279	4.0924	-1.0000	0.700009
-1.2766	0.278997	3.9308	-1.0000	0.700009
-1.2485	0.286936	3.7763	-1.0000	0.700009
-1.2204	0.295100	3.6284	-1.0000	0.700009
-1.1924	0.303497	3.4869	-1.0000	0.700009
-1.1643	0.312132	3.3516	-1.0000	0.700009
-1.1363	0.321013	3.2222	-1.0000	0.700009
-1.1082	0.330147	3.0985	-1.0000	0.700009
-1.0802	0.339541	2.9803	-1.0000	0.700009
-1.0521	0.349202	2.8673	-1.0000	0.700009
-1.0240	0.359138	2.7594	-1.0000	0.700009
-0.9960	0.369357	2.6563	-1.0000	0.700009
-0.9679	0.379866	2.5579	-1.0000	0.700009
-0.9399	0.390675	2.4639	-1.0000	0.700009
-0.9118	0.401791	2.3743	-1.0000	0.700009
-0.8838	0.413223	2.2888	-1.0000	0.700009
-0.8557	0.424981	2.2073	-1.0000	0.700009
-0.8277	0.437073	2.1296	-1.0000	0.700009
-0.7996	0.449509	2.0556	-1.0000	0.700009
-0.7715	0.462299	1.9852	-1.0000	0.700009
-0.7435	0.475453	1.9181	-1.0000	0.700009
-0.7154	0.488981	1.8544	-1.0000	0.700009
-0.6874	0.502895	1.7938	-1.0000	0.700009
-0.6593	0.517204	1.7362	-1.0000	0.700009
-0.6313	0.531920	1.6815	-1.0000	0.700009
-0.6032	0.547055	1.6296	-1.0000	0.700009
-0.5752	0.562620	1.5805	-1.0000	0.700009
-0.5471	0.578629	1.5338	-1.0000	0.700009
-0.5190	0.595093	1.4897	-1.0000	0.700009
-0.4910	0.612025	1.4480	-1.0000	0.700009
-0.4629	0.629439	1.4085	-1.0000	0.700009
-0.4349	0.647349	1.3712	-1.0000	0.700009
-0.4068	0.665768	1.3360	-1.0000	0.700009
-0.3788	0.684712	1.3028	-1.0000	0.700009
-0.3507	0.704194	1.2715	-1.0000	0.700009
-0.3226	0.724231	1.2421	-1.0000	0.700009
-0.2946	0.744838	1.2144	-1.0000	0.700009
-0.2665	0.766031	1.1884	-1.0000	0.700009
-0.2385	0.787827	1.1639	-1.0000	0.700009
-0.2104	0.810243	1.1410	-1.0000	0.700009
-0.1824	0.833297	1.1195	-1.0000	0.700009
-0.1543	0.857007	1.0994	-1.0000	0.700009
-0.1263	0.881392	1.0805	-1.0000	0.700009
-0.0982	0.906471	1.0629	-1.0000	0.700009
-0.0701	0.932263	1.0465	-1.0000	0.700009
-0.0421	0.958789	1.0311	-1.0000	0.700009
-0.0140	0.986070	1.0168	-1.0000	0.700009

# Section 3: Black Hole Mass Evolution
# t(yr)	M(kg)	M/M_sun	chi
0.0000e+00	1.9890e+31	1.0000e+01	1.000000
1.5846e+10	2.1760e-13	1.0940e-43	1.000000
3.1691e+10	2.1760e-13	1.0940e-43	1.000000
4.7537e+10	2.1760e-13	1.0940e-43	1.000000
6.3383e+10	2.1760e-13	1.0940e-43	1.000000
7.9228e+10	2.1760e-13	1.0940e-43	1.000000
9.5074e+10	2.1760e-13	1.0940e-43	1.000000
1.1092e+11	2.1760e-13	1.0940e-43	1.000000
1.2677e+11	2.1760e-13	1.0940e-43	1.000000
1.4261e+11	2.1760e-13	1.0940e-43	1.000000
1.5846e+11	2.1760e-13	1.0940e-43	0.999999
1.7430e+11	2.1760e-13	1.0940e-43	0.999999
1.9015e+11	2.1760e-13	1.0940e-43	0.999999
2.0599e+11	2.1760e-13	1.0940e-43	0.999999
2.2184e+11	2.1760e-13	1.0940e-43	0.999999
2.3768e+11	2.1760e-13	1.0940e-43	0.999999
2.5353e+11	2.1760e-13	1.0940e-43	0.999999
2.6938e+11	2.1760e-13	1.0940e-43	0.999999
2.8522e+11	2.1760e-13	1.0940e-43	0.999999
3.0107e+11	2.1760e-13	1.0940e-43	0.999999
3.1691e+11	2.1760e-13	1.0940e-43	0.999999
3.3276e+11	2.1760e-13	1.0940e-43	0.999999
3.4860e+11	2.1760e-13	1.0940e-43	0.999999
3.6445e+11	2.1760e-13	1.0940e-43	0.999999
3.8030e+11	2.1760e-13	1.0940e-43	0.999999
3.9614e+11	2.1760e-13	1.0940e-43	0.999999
4.1199e+11	2.1760e-13	1.0940e-43	0.999999
4.2783e+11	2.1760e-13	1.0940e-43	0.999999
4.4368e+11	2.1760e-13	1.0940e-43	0.999999
4.5952e+11	2.1760e-13	1.0940e-43	0.999999
4.7537e+11	2.1760e-13	1.0940e-43	0.999998
4.9121e+11	2.1760e-13	1.0940e-43	0.999998
5.0706e+11	2.1760e-13	1.0940e-43	0.999998
5.2291e+11	2.1760e-13	1.0940e-43	0.999998
5.3875e+11	2.1760e-13	1.0940e-43	0.999998
5.5460e+11	2.1760e-13	1.0940e-43	0.999998
5.7044e+11	2.1760e-13	1.0940e-43	0.999998
5.8629e+11	2.1760e-13	1.0940e-43	0.999998
6.0213e+11	2.1760e-13	1.0940e-43	0.999998
6.1798e+11	2.1760e-13	1.0940e-43	0.999998
6.3383e+11	2.1760e-13	1.0940e-43	0.999998
6.4967e+11	2.1760e-13	1.0940e-43	0.999998
6.6552e+11	2.1760e-13	1.0940e-43	0.999998
6.8136e+11	2.1760e-13	1.0940e-43	0.999998
6.9721e+11	2.1760e-13	1.0940e-43	0.999998
7.1305e+11	2.1760e-13	1.0940e-43	0.999998
7.2890e+11	2.1760e-13	1.0940e-43	0.999998
7.4474e+11	2.1760e-13	1.0940e-43	0.999998
7.6059e+11	2.1760e-13	1.0940e-43	0.999998
7.7644e+11	2.1760e-13	1.0940e-43	0.999998
7.9228e+11	2.1760e-13	1.0940e-43	0.999997
8.0813e+11	2.1760e-13	1.0940e-43	0.999997
8.2397e+11	2.1760e-13	1.0940e-43	0.999997
8.3982e+11	2.1760e-13	1.0940e-43	0.999997
8.5566e+11	2.1760e-13	1.0940e-43	0.999997
8.7151e+11	2.1760e-13	1.0940e-43	0.999997
8.8736e+11	2.1760e-13	1.0940e-43	0.999997
9.0320e+11	2.1760e-13	1.0940e-43	0.999997
9.1905e+11	2.1760e-13	1.0940e-43	0.999997
9.3489e+11	2.1760e-13	1.0940e-43	0.999997
9.5074e+11	2.1760e-13	1.0940e-43	0.999997
9.6658e+11	2.1760e-13	1.0940e-43	0.999997
9.8243e+11	2.1760e-13	1.0940e-43	0.999997
9.9827e+11	2.1760e-13	1.0940e-43	0.999997
1.0141e+12	2.1760e-13	1.0940e-43	0.999997
1.0300e+12	2.1760e-13	1.0940e-43	0.999997
1.0458e+12	2.1760e-13	1.0940e-43	0.999997
1.0617e+12	2.1760e-13	1.0940e-43	0.999997
1.0775e+12	2.1760e-13	1.0940e-43	0.999997
1.0933e+12	2.1760e-13	1.0940e-43	0.999997
1.1092e+12	2.1760e-13	1.0940e-43	0.999996
1.1250e+12	2.1760e-13	1.0940e-43	0.999996
1.1409e+12	2.1760e-13	1.0940e-43	0.999996
1.1567e+12	2.1760e-13	1.0940e-43	0.999996
1.1726e+12	2.1760e-13	1.0940e-43	0.999996
1.1884e+12	2.1760e-13	1.0940e-43	0.999996
1.2043e+12	2.1760e-13	1.0940e-43	0.999996
1.2201e+12	2.1760e-13	1.0940e-43	0.999996
1.2360e+12	2.1760e-13	1.0940e-43	0.999996
1.2518e+12	2.1760e-13	1.0940e-43	0.999996
1.2677e+12	2.1760e-13	1.0940e-43	0.999996
1.2835e+12	2.1760e-13	1.0940e-43	0.999996
1.2993e+12	2.1760e-13	1.0940e-43	0.999996
1.3152e+12	2.1760e-13	1.0940e-43	0.999996
1.3310e+12	2.1760e-13	1.0940e-43	0.999996
1.3469e+12	2.1760e-13	1.0940e-43	0.999996
1.3627e+12	2.1760e-13	1.0940e-43	0.999996
1.3786e+12	2.1760e-13	1.0940e-43	0.999996
1.3944e+12	2.1760e-13	1.0940e-43	0.999996
1.4103e+12	2.1760e-13	1.0940e-43	0.999996
1.4261e+12	2.1760e-13	1.0940e-43	0.999995
1.4420e+12	2.1760e-13	1.0940e-43	0.999995
1.4578e+12	2.1760e-13	1.0940e-43	0.999995
1.4736e+12	2.1760e-13	1.0940e-43	0.999995
1.4895e+12	2.1760e-13	1.0940e-43	0.999995
1.5053e+12	2.1760e-13	1.0940e-43	0.999995
1.5212e+12	2.1760e-13	1.0940e-43	0.999995
1.5370e+12	2.1760e-13	1.0940e-43	0.999995
1.5529e+12	2.1760e-13	1.0940e-43	0.999995
1.5687e+12	2.1760e-13	1.0940e-43	0.999995
1.5846e+12	2.1760e-13	1.0940e-43	0.999995
1.6004e+12	2.1760e-13	1.0940e-43	0.999995
1.6163e+12	2.1760e-13	1.0940e-43	0.999995
1.6321e+12	2.1760e-13	1.0940e-43	0.999995
1.6479e+12	2.1760e-13	1.0940e-43	0.999995
1.6638e+12	2.1760e-13	1.0940e-43	0.999995
1.6796e+12	2.1760e-13	1.0940e-43	0.999995
1.6955e+12	2.1760e-13	1.0940e-43	0.999995
1.7113e+12	2.1760e-13	1.0940e-43	0.999995
1.7272e+12	2.1760e-13	1.0940e-43	0.999995
1.7430e+12	2.1760e-13	1.0940e-43	0.999994
1.7589e+12	2.1760e-13	1.0940e-43	0.999994
1.7747e+12	2.1760e-13	1.0940e-43	0.999994
1.7906e+12	2.1760e-13	1.0940e-43	0.999994
1.8064e+12	2.1760e-13	1.0940e-43	0.999994
1.8222e+12	2.1760e-13	1.0940e-43	0.999994
1.8381e+12	2.1760e-13	1.0940e-43	0.999994
1.8539e+12	2.1760e-13	1.0940e-43	0.999994
1.8698e+12	2.1760e-13	1.0940e-43	0.999994
1.8856e+12	2.1760e-13	1.0940e-43	0.999994
1.9015e+12	2.1760e-13	1.0940e-43	0.999994
1.9173e+12	2.1760e-13	1.0940e-43	0.999994
1.9332e+12	2.1760e-13	1.0940e-43	0.999994
1.9490e+12	2.1760e-13	1.0940e-43	0.999994
1.9649e+12	2.1760e-13	1.0940e-43	0.999994
1.9807e+12	2.1760e-13	1.0940e-43	0.999994
1.9965e+12	2.1760e-13	1.0940e-43	0.999994
2.0124e+12	2.1760e-13	1.0940e-43	0.999994
2.0282e+12	2.1760e-13	1.0940e-43	0.999994
2.0441e+12	2.1760e-13	1.0940e-43	0.999994
2.0599e+12	2.1760e-13	1.0940e-43	0.999993
2.0758e+12	2.1760e-13	1.0940e-43	0.999993
2.0916e+12	2.1760e-13	1.0940e-43	0.999993
2.1075e+12	2.1760e-13	1.0940e-43	0.999993
2.1233e+12	2.1760e-13	1.0940e-43	0.999993
2.1392e+12	2.1760e-13	1.0940e-43	0.999993
2.1550e+12	2.1760e-13	1.0940e-43	0.999993
2.1709e+12	2.1760e-13	1.0940e-43	0.999993
2.1867e+12	2.1760e-13	1.0940e-43	0.999993
2.2025e+12	2.1760e-13	1.0940e-43	0.999993
2.2184e+12	2.1760e-13	1.0940e-43	0.999993
2.2342e+12	2.1760e-13	1.0940e-43	0.999993
2.2501e+12	2.1760e-13	1.0940e-43	0.999993
2.2659e+12	2.1760e-13	1.0940e-43	0.999993
2.2818e+12	2.1760e-13	1.0940e-43	0.999993
2.2976e+12	2.1760e-13	1.0940e-43	0.999993
2.3135e+12	2.1760e-13	1.0940e-43	0.999993
2.3293e+12	2.1760e-13	1.0940e-43	0.999993
2.3452e+12	2.1760e-13	1.0940e-43	0.999993
2.3610e+12	2.1760e-13	1.0940e-43	0.999993
2.3768e+12	2.1760e-13	1.0940e-43	0.999992
2.3927e+12	2.1760e-13	1.0940e-43	0.999992
2.4085e+12	2.1760e-13	1.0940e-43	0.999992
2.4244e+12	2.1760e-13	1.0940e-43	0.999992
2.4402e+12	2.1760e-13	1.0940e-43	0.999992
2.4561e+12	2.1760e-13	1.0940e-43	0.999992
2.4719e+12	2.1760e-13	1.0940e-43	0.999992
2.4878e+12	2.1760e-13	1.0940e-43	0.999992
2.5036e+12	2.1760e-13	1.0940e-43	0.999992
2.5195e+12	2.1760e-13	1.0940e-43	0.999992
2.5353e+12	2.1760e-13	1.0940e-43	0.999992
2.5511e+12	2.1760e-13	1.0940e-43	0.999992
2.5670e+12	2.1760e-13	1.0940e-43	0.999992
2.5828e+12	2.1760e-13	1.0940e-43	0.999992
2.5987e+12	2.1760e-13	1.0940e-43	0.999992
2.6145e+12	2.1760e-13	1.0940e-43	0.999992
2.6304e+12	2.1760e-13	1.0940e-43	0.999992
2.6462e+12	2.1760e-13	1.0940e-43	0.999992
2.6621e+12	2.1760e-13	1.0940e-43	0.999992
2.6779e+12	2.1760e-13	1.0940e-43	0.999992
2.6938e+12	2.1760e-13	1.0940e-43	0.999991
2.7096e+12	2.1760e-13	1.0940e-43	0.999991
2.7254e+12	2.1760e-13	1.0940e-43	0.999991
2.7413e+12	2.1760e-13	1.0940e-43	0.999991
2.7571e+12	2.1760e-13	1.0940e-43	0.999991
2.7730e+12	2.1760e-13	1.0940e-43	0.999991
2.7888e+12	2.1760e-13	1.0940e-43	0.999991
2.8047e+12	2.1760e-13	1.0940e-43	0.999991
2.8205e+12	2.1760e-13	1.0940e-43	0.999991
2.8364e+12	2.1760e-13	1.0940e-43	0.999991
2.8522e+12	2.1760e-13	1.0940e-43	0.999991
2.8681e+12	2.1760e-13	1.0940e-43	0.999991
2.8839e+12	2.1760e-13	1.0940e-43	0.999991
2.8998e+12	2.1760e-13	1.0940e-43	0.999991
2.9156e+12	2.1760e-13	1.0940e-43	0.999991
2.9314e+12	2.1760e-13	1.0940e-43	0.999991
2.9473e+12	2.1760e-13	1.0940e-43	0.999991
2.9631e+12	2.1760e-13	1.0940e-43	0.999991
2.9790e+12	2.1760e-13	1.0940e-43	0.999991
2.9948e+12	2.1760e-13	1.0940e-43	0.999991
3.0107e+12	2.1760e-13	1.0940e-43	0.999990
3.0265e+12	2.1760e-13	1.0940e-43	0.999990
3.0424e+12	2.1760e-13	1.0940e-43	0.999990
3.0582e+12	2.1760e-13	1.0940e-43	0.999990
3.0741e+12	2.1760e-13	1.0940e-43	0.999990
3.0899e+12	2.1760e-13	1.0940e-43	0.999990
3.1057e+12	2.1760e-13	1.0940e-43	0.999990
3.1216e+12	2.1760e-13	1.0940e-43	0.999990
3.1374e+12	2.1760e-13	1.0940e-43	0.999990
3.1533e+12	2.1760e-13	1.0940e-43	0.999990

# Section 6: Rotation Curves
# r(kpc)	v_c(km/s)	kappa
0.00	2.99	9.306470e-25
3.28	86.44	5.837037e-25
6.55	111.77	2.989258e-25
9.82	126.39	1.710367e-25
13.10	135.79	1.076446e-25
16.37	142.15	7.252632e-26
19.64	146.57	5.137470e-26
22.92	149.67	3.781208e-26
26.19	151.85	2.868524e-26
29.46	153.35	2.230305e-26
32.73	154.37	1.769829e-26
36.01	155.00	1.428833e-26
39.28	155.36	1.170693e-26
42.55	155.48	9.715479e-27
45.83	155.44	8.153718e-27
49.10	155.26	6.911171e-27
52.37	154.97	5.909916e-27
55.65	154.60	5.093877e-27
58.92	154.16	4.421974e-27
62.19	153.66	3.863630e-27
65.47	153.12	3.395759e-27
68.74	152.55	3.000700e-27
72.01	151.96	2.664784e-27
75.29	151.34	2.377319e-27
78.56	150.70	2.129853e-27
81.83	150.06	1.915650e-27
85.10	149.41	1.729293e-27
88.38	148.75	1.566391e-27
91.65	148.09	1.423361e-27
94.92	147.43	1.297257e-27
98.20	146.76	1.185644e-27
101.47	146.10	1.086496e-27
104.74	145.45	9.981176e-28
108.02	144.79	9.190836e-28
111.29	144.14	8.481892e-28
114.56	143.50	7.844118e-28
117.84	142.86	7.268792e-28
121.11	142.23	6.748446e-28
124.38	141.60	6.276660e-28
127.66	140.98	5.847892e-28
130.93	140.37	5.457344e-28
134.20	139.76	5.100848e-28
137.48	139.16	4.774768e-28
140.75	138.57	4.475926e-28
144.02	137.98	4.201533e-28
147.29	137.40	3.949138e-28
150.57	136.83	3.716579e-28
153.84	136.27	3.501942e-28
157.11	135.71	3.303533e-28
160.39	135.16	3.119846e-28
163.66	134.61	2.949539e-28
166.93	134.08	2.791416e-28
170.21	133.55	2.644404e-28
173.48	133.02	2.507546e-28
176.75	132.51	2.379977e-28
180.03	132.00	2.260924e-28
183.30	131.49	2.149687e-28
186.57	130.99	2.045634e-28
189.85	130.50	1.948194e-28
193.12	130.02	1.856851e-28
196.39	129.54	1.771134e-28
199.66	129.06	1.690616e-28
202.94	128.60	1.614910e-28
206.21	128.14	1.543661e-28
209.48	127.68	1.476545e-28
212.76	127.23	1.413267e-28
216.03	126.78	1.353557e-28
219.30	126.34	1.297166e-28
222.58	125.91	1.243866e-28
225.85	125.48	1.193450e-28
229.12	125.05	1.145724e-28
232.40	124.64	1.100511e-28
235.67	124.22	1.057648e-28
238.94	123.81	1.016985e-28
242.22	123.41	9.783806e-29
245.49	123.01	9.417078e-29
248.76	122.61	9.068467e-29
252.03	122.22	8.736867e-29
255.31	121.83	8.421255e-29
258.58	121.45	8.120676e-29
261.85	121.07	7.834247e-29
265.13	120.69	7.561145e-29
268.40	120.32	7.300602e-29
271.67	119.96	7.051906e-29
274.95	119.60	6.814390e-29
278.22	119.24	6.587432e-29
281.49	118.88	6.370453e-29
284.77	118.53	6.162910e-29
288.04	118.18	5.964295e-29
291.31	117.84	5.774134e-29
294.59	117.50	5.591980e-29
297.86	117.16	5.417418e-29
301.13	116.83	5.250055e-29
304.41	116.50	5.089524e-29
307.68	116.17	4.935479e-29
310.95	115.85	4.787598e-29
314.22	115.53	4.645573e-29
317.50	115.21	4.509119e-29
320.77	114.90	4.377965e-29
324.04	114.59	4.251855e-29
