# t  lambda_eff(t)  g_eff(t)  a_eff(t)
0.00000000	1.00110000	1.00055000	1.00055000
0.00200401	1.00109999	1.00055000	1.00055000
0.00400802	1.00109997	1.00054998	1.00054998
0.00601202	1.00109993	1.00054996	1.00054996
0.00801603	1.00109987	1.00054994	1.00054994
0.01002004	1.00109980	1.00054990	1.00054990
0.01202405	1.00109971	1.00054986	1.00054986
0.01402806	1.00109961	1.00054981	1.00054981
0.01603206	1.00109949	1.00054975	1.00054975
0.01803607	1.00109936	1.00054968	1.00054968
0.02004008	1.00109921	1.00054960	1.00054960
0.02204409	1.00109904	1.00054952	1.00054952
0.02404810	1.00109886	1.00054943	1.00054943
0.02605210	1.00109866	1.00054933	1.00054933
0.02805611	1.00109845	1.00054923	1.00054923
0.03006012	1.00109822	1.00054911	1.00054911
0.03206413	1.00109798	1.00054899	1.00054899
0.03406814	1.00109772	1.00054886	1.00054886
0.03607214	1.00109744	1.00054872	1.00054872
0.03807615	1.00109715	1.00054858	1.00054858
0.04008016	1.00109685	1.00054842	1.00054842
0.04208417	1.00109652	1.00054826	1.00054826
0.04408818	1.00109619	1.00054809	1.00054809
0.04609218	1.00109584	1.00054792	1.00054792
0.04809619	1.00109547	1.00054773	1.00054773
0.05010020	1.00109509	1.00054754	1.00054754
0.05210421	1.00109469	1.00054734	1.00054734
0.05410822	1.00109428	1.00054714	1.00054714
0.05611222	1.00109385	1.00054692	1.00054692
0.05811623	1.00109341	1.00054670	1.00054670
0.06012024	1.00109295	1.00054647	1.00054647
0.06212425	1.00109248	1.00054624	1.00054624
0.06412826	1.00109199	1.00054600	1.00054600
0.06613226	1.00109149	1.00054575	1.00054575
0.06813627	1.00109098	1.00054549	1.00054549
0.07014028	1.00109045	1.00054522	1.00054522
0.07214429	1.00108990	1.00054495	1.00054495
0.07414830	1.00108934	1.00054467	1.00054467
0.07615230	1.00108877	1.00054438	1.00054438
0.07815631	1.00108818	1.00054409	1.00054409
0.08016032	1.00108758	1.00054379	1.00054379
0.08216433	1.00108697	1.00054348	1.00054348
0.08416834	1.00108634	1.00054317	1.00054317
0.08617234	1.00108570	1.00054285	1.00054285
0.08817635	1.00108504	1.00054252	1.00054252
0.09018036	1.00108437	1.00054219	1.00054219
0.09218437	1.00108369	1.00054184	1.00054184
0.09418838	1.00108299	1.00054150	1.00054150
0.09619238	1.00108228	1.00054114	1.00054114
0.09819639	1.00108156	1.00054078	1.00054078
0.10020040	1.00108083	1.00054041	1.00054041
0.10220441	1.00108008	1.00054004	1.00054004
0.10420842	1.00107932	1.00053966	1.00053966
0.10621242	1.00107855	1.00053927	1.00053927
0.10821643	1.00107776	1.00053888	1.00053888
0.11022044	1.00107696	1.00053848	1.00053848
0.11222445	1.00107615	1.00053808	1.00053808
0.11422846	1.00107533	1.00053767	1.00053767
0.11623246	1.00107450	1.00053725	1.00053725
0.11823647	1.00107365	1.00053683	1.00053683
0.12024048	1.00107279	1.00053640	1.00053640
0.12224449	1.00107192	1.00053596	1.00053596
0.12424850	1.00107104	1.00053552	1.00053552
0.12625251	1.00107015	1.00053508	1.00053508
0.12825651	1.00106925	1.00053462	1.00053462
0.13026052	1.00106834	1.00053417	1.00053417
0.13226453	1.00106741	1.00053371	1.00053371
0.13426854	1.00106648	1.00053324	1.00053324
0.13627255	1.00106553	1.00053276	1.00053276
0.13827655	1.00106457	1.00053229	1.00053229
0.14028056	1.00106361	1.00053180	1.00053180
0.14228457	1.00106263	1.00053131	1.00053131
0.14428858	1.00106164	1.00053082	1.00053082
0.14629259	1.00106065	1.00053032	1.00053032
0.14829659	1.00105964	1.00052982	1.00052982
0.15030060	1.00105863	1.00052931	1.00052931
0.15230461	1.00105760	1.00052880	1.00052880
0.15430862	1.00105657	1.00052828	1.00052828
0.15631263	1.00105552	1.00052776	1.00052776
0.15831663	1.00105447	1.00052724	1.00052724
0.16032064	1.00105341	1.00052671	1.00052671
0.16232465	1.00105234	1.00052617	1.00052617
0.16432866	1.00105127	1.00052563	1.00052563
0.16633267	1.00105018	1.00052509	1.00052509
0.16833667	1.00104909	1.00052454	1.00052454
0.17034068	1.00104799	1.00052399	1.00052399
0.17234469	1.00104688	1.00052344	1.00052344
0.17434870	1.00104576	1.00052288	1.00052288
0.17635271	1.00104464	1.00052232	1.00052232
0.17835671	1.00104351	1.00052175	1.00052175
0.18036072	1.00104237	1.00052119	1.00052119
0.18236473	1.00104123	1.00052061	1.00052061
0.18436874	1.00104008	1.00052004	1.00052004
0.18637275	1.00103892	1.00051946	1.00051946
0.18837675	1.00103776	1.00051888	1.00051888
0.19038076	1.00103659	1.00051829	1.00051829
0.19238477	1.00103542	1.00051771	1.00051771
0.19438878	1.00103423	1.00051712	1.00051712
0.19639279	1.00103305	1.00051652	1.00051652
0.19839679	1.00103186	1.00051593	1.00051593
0.20040080	1.00103066	1.00051533	1.00051533
0.20240481	1.00102946	1.00051473	1.00051473
0.20440882	1.00102826	1.00051413	1.00051413
0.20641283	1.00102705	1.00051352	1.00051352
0.20841683	1.00102583	1.00051292	1.00051292
0.21042084	1.00102461	1.00051231	1.00051231
0.21242485	1.00102339	1.00051170	1.00051170
0.21442886	1.00102216	1.00051108	1.00051108
0.21643287	1.00102093	1.00051047	1.00051047
0.21843687	1.00101970	1.00050985	1.00050985
0.22044088	1.00101847	1.00050923	1.00050923
0.22244489	1.00101723	1.00050861	1.00050861
0.22444890	1.00101599	1.00050799	1.00050799
0.22645291	1.00101474	1.00050737	1.00050737
0.22845691	1.00101349	1.00050675	1.00050675
0.23046092	1.00101225	1.00050612	1.00050612
0.23246493	1.00101100	1.00050550	1.00050550
0.23446894	1.00100974	1.00050487	1.00050487
0.23647295	1.00100849	1.00050424	1.00050424
0.23847695	1.00100723	1.00050362	1.00050362
0.24048096	1.00100598	1.00050299	1.00050299
0.24248497	1.00100472	1.00050236	1.00050236
0.24448898	1.00100346	1.00050173	1.00050173
0.24649299	1.00100220	1.00050110	1.00050110
0.24849699	1.00100094	1.00050047	1.00050047
0.25050100	1.00099969	1.00049984	1.00049984
0.25250501	1.00099843	1.00049921	1.00049921
0.25450902	1.00099717	1.00049858	1.00049858
0.25651303	1.00099591	1.00049795	1.00049795
0.25851703	1.00099465	1.00049733	1.00049733
0.26052104	1.00099339	1.00049670	1.00049670
0.26252505	1.00099214	1.00049607	1.00049607
0.26452906	1.00099088	1.00049544	1.00049544
0.26653307	1.00098963	1.00049482	1.00049482
0.26853707	1.00098838	1.00049419	1.00049419
0.27054108	1.00098713	1.00049356	1.00049356
0.27254509	1.00098588	1.00049294	1.00049294
0.27454910	1.00098464	1.00049232	1.00049232
0.27655311	1.00098339	1.00049170	1.00049170
0.27855711	1.00098215	1.00049108	1.00049108
0.28056112	1.00098092	1.00049046	1.00049046
0.28256513	1.00097968	1.00048984	1.00048984
0.28456914	1.00097845	1.00048922	1.00048922
0.28657315	1.00097722	1.00048861	1.00048861
0.28857715	1.00097600	1.00048800	1.00048800
0.29058116	1.00097478	1.00048739	1.00048739
0.29258517	1.00097356	1.00048678	1.00048678
0.29458918	1.00097235	1.00048617	1.00048617
0.29659319	1.00097114	1.00048557	1.00048557
0.29859719	1.00096994	1.00048497	1.00048497
0.30060120	1.00096874	1.00048437	1.00048437
0.30260521	1.00096755	1.00048377	1.00048377
0.30460922	1.00096636	1.00048318	1.00048318
0.30661323	1.00096517	1.00048259	1.00048259
0.30861723	1.00096400	1.00048200	1.00048200
0.31062124	1.00096282	1.00048141	1.00048141
0.31262525	1.00096166	1.00048083	1.00048083
0.31462926	1.00096050	1.00048025	1.00048025
0.31663327	1.00095935	1.00047967	1.00047967
0.31863727	1.00095820	1.00047910	1.00047910
0.32064128	1.00095706	1.00047853	1.00047853
0.32264529	1.00095592	1.00047796	1.00047796
0.32464930	1.00095480	1.00047740	1.00047740
0.32665331	1.00095368	1.00047684	1.00047684
0.32865731	1.00095257	1.00047628	1.00047628
0.33066132	1.00095146	1.00047573	1.00047573
0.33266533	1.00095036	1.00047518	1.00047518
0.33466934	1.00094927	1.00047464	1.00047464
0.33667335	1.00094819	1.00047410	1.00047410
0.33867735	1.00094712	1.00047356	1.00047356
0.34068136	1.00094606	1.00047303	1.00047303
0.34268537	1.00094500	1.00047250	1.00047250
0.34468938	1.00094395	1.00047198	1.00047198
0.34669339	1.00094291	1.00047146	1.00047146
0.34869739	1.00094189	1.00047094	1.00047094
0.35070140	1.00094087	1.00047043	1.00047043
0.35270541	1.00093985	1.00046993	1.00046993
0.35470942	1.00093885	1.00046943	1.00046943
0.35671343	1.00093786	1.00046893	1.00046893
0.35871743	1.00093688	1.00046844	1.00046844
0.36072144	1.00093591	1.00046795	1.00046795
0.36272545	1.00093495	1.00046747	1.00046747
0.36472946	1.00093400	1.00046700	1.00046700
0.36673347	1.00093306	1.00046653	1.00046653
0.36873747	1.00093213	1.00046606	1.00046606
0.37074148	1.00093121	1.00046560	1.00046560
0.37274549	1.00093030	1.00046515	1.00046515
0.37474950	1.00092940	1.00046470	1.00046470
0.37675351	1.00092851	1.00046426	1.00046426
0.37875752	1.00092764	1.00046382	1.00046382
0.38076152	1.00092678	1.00046339	1.00046339
0.38276553	1.00092592	1.00046296	1.00046296
0.38476954	1.00092508	1.00046254	1.00046254
0.38677355	1.00092426	1.00046213	1.00046213
0.38877756	1.00092344	1.00046172	1.00046172
0.39078156	1.00092264	1.00046132	1.00046132
0.39278557	1.00092184	1.00046092	1.00046092
0.39478958	1.00092107	1.00046053	1.00046053
0.39679359	1.00092030	1.00046015	1.00046015
0.39879760	1.00091954	1.00045977	1.00045977
0.40080160	1.00091880	1.00045940	1.00045940
0.40280561	1.00091807	1.00045904	1.00045904
0.40480962	1.00091736	1.00045868	1.00045868
0.40681363	1.00091666	1.00045833	1.00045833
0.40881764	1.00091597	1.00045798	1.00045798
0.41082164	1.00091529	1.00045765	1.00045765
0.41282565	1.00091463	1.00045731	1.00045731
0.41482966	1.00091398	1.00045699	1.00045699
0.41683367	1.00091335	1.00045667	1.00045667
0.41883768	1.00091272	1.00045636	1.00045636
0.42084168	1.00091212	1.00045606	1.00045606
0.42284569	1.00091152	1.00045576	1.00045576
0.42484970	1.00091094	1.00045547	1.00045547
0.42685371	1.00091038	1.00045519	1.00045519
0.42885772	1.00090983	1.00045491	1.00045491
0.43086172	1.00090929	1.00045464	1.00045464
0.43286573	1.00090877	1.00045438	1.00045438
0.43486974	1.00090826	1.00045413	1.00045413
0.43687375	1.00090776	1.00045388	1.00045388
0.43887776	1.00090728	1.00045364	1.00045364
0.44088176	1.00090682	1.00045341	1.00045341
0.44288577	1.00090637	1.00045319	1.00045319
0.44488978	1.00090594	1.00045297	1.00045297
0.44689379	1.00090552	1.00045276	1.00045276
0.44889780	1.00090511	1.00045256	1.00045256
0.45090180	1.00090472	1.00045236	1.00045236
0.45290581	1.00090435	1.00045217	1.00045217
0.45490982	1.00090399	1.00045199	1.00045199
0.45691383	1.00090364	1.00045182	1.00045182
0.45891784	1.00090331	1.00045166	1.00045166
0.46092184	1.00090300	1.00045150	1.00045150
0.46292585	1.00090270	1.00045135	1.00045135
0.46492986	1.00090242	1.00045121	1.00045121
0.46693387	1.00090215	1.00045108	1.00045108
0.46893788	1.00090190	1.00045095	1.00045095
0.47094188	1.00090166	1.00045083	1.00045083
0.47294589	1.00090144	1.00045072	1.00045072
0.47494990	1.00090124	1.00045062	1.00045062
0.47695391	1.00090105	1.00045052	1.00045052
0.47895792	1.00090087	1.00045044	1.00045044
0.48096192	1.00090071	1.00045036	1.00045036
0.48296593	1.00090057	1.00045029	1.00045029
0.48496994	1.00090045	1.00045022	1.00045022
0.48697395	1.00090033	1.00045017	1.00045017
0.48897796	1.00090024	1.00045012	1.00045012
0.49098196	1.00090016	1.00045008	1.00045008
0.49298597	1.00090010	1.00045005	1.00045005
0.49498998	1.00090005	1.00045002	1.00045002
0.49699399	1.00090002	1.00045001	1.00045001
0.49899800	1.00090000	1.00045000	1.00045000
0.50100200	1.00090000	1.00045000	1.00045000
0.50300601	1.00090002	1.00045001	1.00045001
0.50501002	1.00090005	1.00045002	1.00045002
0.50701403	1.00090010	1.00045005	1.00045005
0.50901804	1.00090016	1.00045008	1.00045008
0.51102204	1.00090024	1.00045012	1.00045012
0.51302605	1.00090033	1.00045017	1.00045017
0.51503006	1.00090045	1.00045022	1.00045022
0.51703407	1.00090057	1.00045029	1.00045029
0.51903808	1.00090071	1.00045036	1.00045036
0.52104208	1.00090087	1.00045044	1.00045044
0.52304609	1.00090105	1.00045052	1.00045052
0.52505010	1.00090124	1.00045062	1.00045062
0.52705411	1.00090144	1.00045072	1.00045072
0.52905812	1.00090166	1.00045083	1.00045083
0.53106212	1.00090190	1.00045095	1.00045095
0.53306613	1.00090215	1.00045108	1.00045108
0.53507014	1.00090242	1.00045121	1.00045121
0.53707415	1.00090270	1.00045135	1.00045135
0.53907816	1.00090300	1.00045150	1.00045150
0.54108216	1.00090331	1.00045166	1.00045166
0.54308617	1.00090364	1.00045182	1.00045182
0.54509018	1.00090399	1.00045199	1.00045199
0.54709419	1.00090435	1.00045217	1.00045217
0.54909820	1.00090472	1.00045236	1.00045236
0.55110220	1.00090511	1.00045256	1.00045256
0.55310621	1.00090552	1.00045276	1.00045276
0.55511022	1.00090594	1.00045297	1.00045297
0.55711423	1.00090637	1.00045319	1.00045319
0.55911824	1.00090682	1.00045341	1.00045341
0.56112224	1.00090728	1.00045364	1.00045364
0.56312625	1.00090776	1.00045388	1.00045388
0.56513026	1.00090826	1.00045413	1.00045413
0.56713427	1.00090877	1.00045438	1.00045438
0.56913828	1.00090929	1.00045464	1.00045464
0.57114228	1.00090983	1.00045491	1.00045491
0.57314629	1.00091038	1.00045519	1.00045519
0.57515030	1.00091094	1.00045547	1.00045547
0.57715431	1.00091152	1.00045576	1.00045576
0.57915832	1.00091212	1.00045606	1.00045606
0.58116232	1.00091272	1.00045636	1.00045636
0.58316633	1.00091335	1.00045667	1.00045667
0.58517034	1.00091398	1.00045699	1.00045699
0.58717435	1.00091463	1.00045731	1.00045731
0.58917836	1.00091529	1.00045765	1.00045765
0.59118236	1.00091597	1.00045798	1.00045798
0.59318637	1.00091666	1.00045833	1.00045833
0.59519038	1.00091736	1.00045868	1.00045868
0.59719439	1.00091807	1.00045904	1.00045904
0.59919840	1.00091880	1.00045940	1.00045940
0.60120240	1.00091954	1.00045977	1.00045977
0.60320641	1.00092030	1.00046015	1.00046015
0.60521042	1.00092107	1.00046053	1.00046053
0.60721443	1.00092184	1.00046092	1.00046092
0.60921844	1.00092264	1.00046132	1.00046132
0.61122244	1.00092344	1.00046172	1.00046172
0.61322645	1.00092426	1.00046213	1.00046213
0.61523046	1.00092508	1.00046254	1.00046254
0.61723447	1.00092592	1.00046296	1.00046296
0.61923848	1.00092678	1.00046339	1.00046339
0.62124248	1.00092764	1.00046382	1.00046382
0.62324649	1.00092851	1.00046426	1.00046426
0.62525050	1.00092940	1.00046470	1.00046470
0.62725451	1.00093030	1.00046515	1.00046515
0.62925852	1.00093121	1.00046560	1.00046560
0.63126253	1.00093213	1.00046606	1.00046606
0.63326653	1.00093306	1.00046653	1.00046653
0.63527054	1.00093400	1.00046700	1.00046700
0.63727455	1.00093495	1.00046747	1.00046747
0.63927856	1.00093591	1.00046795	1.00046795
0.64128257	1.00093688	1.00046844	1.00046844
0.64328657	1.00093786	1.00046893	1.00046893
0.64529058	1.00093885	1.00046943	1.00046943
0.64729459	1.00093985	1.00046993	1.00046993
0.64929860	1.00094087	1.00047043	1.00047043
0.65130261	1.00094189	1.00047094	1.00047094
0.65330661	1.00094291	1.00047146	1.00047146
0.65531062	1.00094395	1.00047198	1.00047198
0.65731463	1.00094500	1.00047250	1.00047250
0.65931864	1.00094606	1.00047303	1.00047303
0.66132265	1.00094712	1.00047356	1.00047356
0.66332665	1.00094819	1.00047410	1.00047410
0.66533066	1.00094927	1.00047464	1.00047464
0.66733467	1.00095036	1.00047518	1.00047518
0.66933868	1.00095146	1.00047573	1.00047573
0.67134269	1.00095257	1.00047628	1.00047628
0.67334669	1.00095368	1.00047684	1.00047684
0.67535070	1.00095480	1.00047740	1.00047740
0.67735471	1.00095592	1.00047796	1.00047796
0.67935872	1.00095706	1.00047853	1.00047853
0.68136273	1.00095820	1.00047910	1.00047910
0.68336673	1.00095935	1.00047967	1.00047967
0.68537074	1.00096050	1.00048025	1.00048025
0.68737475	1.00096166	1.00048083	1.00048083
0.68937876	1.00096282	1.00048141	1.00048141
0.69138277	1.00096400	1.00048200	1.00048200
0.69338677	1.00096517	1.00048259	1.00048259
0.69539078	1.00096636	1.00048318	1.00048318
0.69739479	1.00096755	1.00048377	1.00048377
0.69939880	1.00096874	1.00048437	1.00048437
0.70140281	1.00096994	1.00048497	1.00048497
0.70340681	1.00097114	1.00048557	1.00048557
0.70541082	1.00097235	1.00048617	1.00048617
0.70741483	1.00097356	1.00048678	1.00048678
0.70941884	1.00097478	1.00048739	1.00048739
0.71142285	1.00097600	1.00048800	1.00048800
0.71342685	1.00097722	1.00048861	1.00048861
0.71543086	1.00097845	1.00048922	1.00048922
0.71743487	1.00097968	1.00048984	1.00048984
0.71943888	1.00098092	1.00049046	1.00049046
0.72144289	1.00098215	1.00049108	1.00049108
0.72344689	1.00098339	1.00049170	1.00049170
0.72545090	1.00098464	1.00049232	1.00049232
0.72745491	1.00098588	1.00049294	1.00049294
0.72945892	1.00098713	1.00049356	1.00049356
0.73146293	1.00098838	1.00049419	1.00049419
0.73346693	1.00098963	1.00049482	1.00049482
0.73547094	1.00099088	1.00049544	1.00049544
0.73747495	1.00099214	1.00049607	1.00049607
0.73947896	1.00099339	1.00049670	1.00049670
0.74148297	1.00099465	1.00049733	1.00049733
0.74348697	1.00099591	1.00049795	1.00049795
0.74549098	1.00099717	1.00049858	1.00049858
0.74749499	1.00099843	1.00049921	1.00049921
0.74949900	1.00099969	1.00049984	1.00049984
0.75150301	1.00100094	1.00050047	1.00050047
0.75350701	1.00100220	1.00050110	1.00050110
0.75551102	1.00100346	1.00050173	1.00050173
0.75751503	1.00100472	1.00050236	1.00050236
0.75951904	1.00100598	1.00050299	1.00050299
0.76152305	1.00100723	1.00050362	1.00050362
0.76352705	1.00100849	1.00050424	1.00050424
0.76553106	1.00100974	1.00050487	1.00050487
0.76753507	1.00101100	1.00050550	1.00050550
0.76953908	1.00101225	1.00050612	1.00050612
0.77154309	1.00101349	1.00050675	1.00050675
0.77354709	1.00101474	1.00050737	1.00050737
0.77555110	1.00101599	1.00050799	1.00050799
0.77755511	1.00101723	1.00050861	1.00050861
0.77955912	1.00101847	1.00050923	1.00050923
0.78156313	1.00101970	1.00050985	1.00050985
0.78356713	1.00102093	1.00051047	1.00051047
0.78557114	1.00102216	1.00051108	1.00051108
0.78757515	1.00102339	1.00051170	1.00051170
0.78957916	1.00102461	1.00051231	1.00051231
0.79158317	1.00102583	1.00051292	1.00051292
0.79358717	1.00102705	1.00051352	1.00051352
0.79559118	1.00102826	1.00051413	1.00051413
0.79759519	1.00102946	1.00051473	1.00051473
0.79959920	1.00103066	1.00051533	1.00051533
0.80160321	1.00103186	1.00051593	1.00051593
0.80360721	1.00103305	1.00051652	1.00051652
0.80561122	1.00103423	1.00051712	1.00051712
0.80761523	1.00103542	1.00051771	1.00051771
0.80961924	1.00103659	1.00051829	1.00051829
0.81162325	1.00103776	1.00051888	1.00051888
0.81362725	1.00103892	1.00051946	1.00051946
0.81563126	1.00104008	1.00052004	1.00052004
0.81763527	1.00104123	1.00052061	1.00052061
0.81963928	1.00104237	1.00052119	1.00052119
0.82164329	1.00104351	1.00052175	1.00052175
0.82364729	1.00104464	1.00052232	1.00052232
0.82565130	1.00104576	1.00052288	1.00052288
0.82765531	1.00104688	1.00052344	1.00052344
0.82965932	1.00104799	1.00052399	1.00052399
0.83166333	1.00104909	1.00052454	1.00052454
0.83366733	1.00105018	1.00052509	1.00052509
0.83567134	1.00105127	1.00052563	1.00052563
0.83767535	1.00105234	1.00052617	1.00052617
0.83967936	1.00105341	1.00052671	1.00052671
0.84168337	1.00105447	1.00052724	1.00052724
0.84368737	1.00105552	1.00052776	1.00052776
0.84569138	1.00105657	1.00052828	1.00052828
0.84769539	1.00105760	1.00052880	1.00052880
0.84969940	1.00105863	1.00052931	1.00052931
0.85170341	1.00105964	1.00052982	1.00052982
0.85370741	1.00106065	1.00053032	1.00053032
0.85571142	1.00106164	1.00053082	1.00053082
0.85771543	1.00106263	1.00053131	1.00053131
0.85971944	1.00106361	1.00053180	1.00053180
0.86172345	1.00106457	1.00053229	1.00053229
0.86372745	1.00106553	1.00053276	1.00053276
0.86573146	1.00106648	1.00053324	1.00053324
0.86773547	1.00106741	1.00053371	1.00053371
0.86973948	1.00106834	1.00053417	1.00053417
0.87174349	1.00106925	1.00053462	1.00053462
0.87374749	1.00107015	1.00053508	1.00053508
0.87575150	1.00107104	1.00053552	1.00053552
0.87775551	1.00107192	1.00053596	1.00053596
0.87975952	1.00107279	1.00053640	1.00053640
0.88176353	1.00107365	1.00053683	1.00053683
0.88376754	1.00107450	1.00053725	1.00053725
0.88577154	1.00107533	1.00053767	1.00053767
0.88777555	1.00107615	1.00053808	1.00053808
0.88977956	1.00107696	1.00053848	1.00053848
0.89178357	1.00107776	1.00053888	1.00053888
0.89378758	1.00107855	1.00053927	1.00053927
0.89579158	1.00107932	1.00053966	1.00053966
0.89779559	1.00108008	1.00054004	1.00054004
0.89979960	1.00108083	1.00054041	1.00054041
0.90180361	1.00108156	1.00054078	1.00054078
0.90380762	1.00108228	1.00054114	1.00054114
0.90581162	1.00108299	1.00054150	1.00054150
0.90781563	1.00108369	1.00054184	1.00054184
0.90981964	1.00108437	1.00054219	1.00054219
0.91182365	1.00108504	1.00054252	1.00054252
0.91382766	1.00108570	1.00054285	1.00054285
0.91583166	1.00108634	1.00054317	1.00054317
0.91783567	1.00108697	1.00054348	1.00054348
0.91983968	1.00108758	1.00054379	1.00054379
0.92184369	1.00108818	1.00054409	1.00054409
0.92384770	1.00108877	1.00054438	1.00054438
0.92585170	1.00108934	1.00054467	1.00054467
0.92785571	1.00108990	1.00054495	1.00054495
0.92985972	1.00109045	1.00054522	1.00054522
0.93186373	1.00109098	1.00054549	1.00054549
0.93386774	1.00109149	1.00054575	1.00054575
0.93587174	1.00109199	1.00054600	1.00054600
0.93787575	1.00109248	1.00054624	1.00054624
0.93987976	1.00109295	1.00054647	1.00054647
0.94188377	1.00109341	1.00054670	1.00054670
0.94388778	1.00109385	1.00054692	1.00054692
0.94589178	1.00109428	1.00054714	1.00054714
0.94789579	1.00109469	1.00054734	1.00054734
0.94989980	1.00109509	1.00054754	1.00054754
0.95190381	1.00109547	1.00054773	1.00054773
0.95390782	1.00109584	1.00054792	1.00054792
0.95591182	1.00109619	1.00054809	1.00054809
0.95791583	1.00109652	1.00054826	1.00054826
0.95991984	1.00109685	1.00054842	1.00054842
0.96192385	1.00109715	1.00054858	1.00054858
0.96392786	1.00109744	1.00054872	1.00054872
0.96593186	1.00109772	1.00054886	1.00054886
0.96793587	1.00109798	1.00054899	1.00054899
0.96993988	1.00109822	1.00054911	1.00054911
0.97194389	1.00109845	1.00054923	1.00054923
0.97394790	1.00109866	1.00054933	1.00054933
0.97595190	1.00109886	1.00054943	1.00054943
0.97795591	1.00109904	1.00054952	1.00054952
0.97995992	1.00109921	1.00054960	1.00054960
0.98196393	1.00109936	1.00054968	1.00054968
0.98396794	1.00109949	1.00054975	1.00054975
0.98597194	1.00109961	1.00054981	1.00054981
0.98797595	1.00109971	1.00054986	1.00054986
0.98997996	1.00109980	1.00054990	1.00054990
0.99198397	1.00109987	1.00054994	1.00054994
0.99398798	1.00109993	1.00054996	1.00054996
0.99599198	1.00109997	1.00054998	1.00054998
0.99799599	1.00109999	1.00055000	1.00055000
1.00000000	1.00110000	1.00055000	1.00055000
