# Parametric Fisher Information & CRLB Results
# G(t) = 1e-3 + 1e-4 * cos(2*pi*t)
# theta_true = (1.000000e-03, 1.000000e-04)
# theta_fit  = (1.000260e-03, 9.912823e-05)
# sigma per channel = (1.00e-05, 1.00e-05, 1.00e-05)
# F_scalar = 15000000000.0000
# CRLB_scalar = 6.666667e-11
#
# Fisher parametric (2x2):
#   7.500000e+12  1.500000e+10
#   1.500000e+10  3.757500e+12
#
# CRLB parametric (2x2):
#   1.333344e-13  -5.322730e-16
#   -5.322730e-16  2.661365e-13
#
# t	G_true	G_hat	G_recon	G_fit
0.00000000	0.00110000	0.00110949	0.00110000	0.00109939
0.00200401	0.00109999	0.00111180	0.00109999	0.00109938
0.00400802	0.00109997	0.00109496	0.00109997	0.00109936
0.00601202	0.00109993	0.00111384	0.00109993	0.00109932
0.00801603	0.00109987	0.00109397	0.00109987	0.00109926
0.01002004	0.00109980	0.00109499	0.00109980	0.00109919
0.01202405	0.00109971	0.00110629	0.00109971	0.00109910
0.01402806	0.00109961	0.00109897	0.00109961	0.00109900
0.01603206	0.00109949	0.00109669	0.00109949	0.00109889
0.01803607	0.00109936	0.00109744	0.00109936	0.00109875
0.02004008	0.00109921	0.00109792	0.00109921	0.00109860
0.02204409	0.00109904	0.00109560	0.00109904	0.00109844
0.02404810	0.00109886	0.00109888	0.00109886	0.00109826
0.02605210	0.00109866	0.00107986	0.00109866	0.00109806
0.02805611	0.00109845	0.00108311	0.00109845	0.00109785
0.03006012	0.00109822	0.00109951	0.00109822	0.00109762
0.03206413	0.00109798	0.00109456	0.00109798	0.00109738
0.03406814	0.00109772	0.00109330	0.00109772	0.00109713
0.03607214	0.00109744	0.00109205	0.00109744	0.00109685
0.03807615	0.00109715	0.00109275	0.00109715	0.00109656
0.04008016	0.00109685	0.00109549	0.00109685	0.00109626
0.04208417	0.00109652	0.00109864	0.00109652	0.00109594
0.04408818	0.00109619	0.00109222	0.00109619	0.00109561
0.04609218	0.00109584	0.00109014	0.00109584	0.00109526
0.04809619	0.00109547	0.00108675	0.00109547	0.00109490
0.05010020	0.00109509	0.00108379	0.00109509	0.00109452
0.05210421	0.00109469	0.00107617	0.00109469	0.00109412
0.05410822	0.00109428	0.00109710	0.00109428	0.00109371
0.05611222	0.00109385	0.00109158	0.00109385	0.00109329
0.05811623	0.00109341	0.00108543	0.00109341	0.00109285
0.06012024	0.00109295	0.00109320	0.00109295	0.00109240
0.06212425	0.00109248	0.00109375	0.00109248	0.00109193
0.06412826	0.00109199	0.00109146	0.00109199	0.00109145
0.06613226	0.00109149	0.00107637	0.00109149	0.00109095
0.06813627	0.00109098	0.00109211	0.00109098	0.00109044
0.07014028	0.00109045	0.00108262	0.00109045	0.00108992
0.07214429	0.00108990	0.00108556	0.00108990	0.00108938
0.07414830	0.00108934	0.00107371	0.00108934	0.00108882
0.07615230	0.00108877	0.00108662	0.00108877	0.00108826
0.07815631	0.00108818	0.00108565	0.00108818	0.00108767
0.08016032	0.00108758	0.00109808	0.00108758	0.00108708
0.08216433	0.00108697	0.00108058	0.00108697	0.00108647
0.08416834	0.00108634	0.00108910	0.00108634	0.00108585
0.08617234	0.00108570	0.00109330	0.00108570	0.00108521
0.08817635	0.00108504	0.00105871	0.00108504	0.00108456
0.09018036	0.00108437	0.00107426	0.00108437	0.00108390
0.09218437	0.00108369	0.00108447	0.00108369	0.00108322
0.09418838	0.00108299	0.00108869	0.00108299	0.00108253
0.09619238	0.00108228	0.00108705	0.00108228	0.00108183
0.09819639	0.00108156	0.00106578	0.00108156	0.00108111
0.10020040	0.00108083	0.00108357	0.00108083	0.00108038
0.10220441	0.00108008	0.00107647	0.00108008	0.00107964
0.10420842	0.00107932	0.00108259	0.00107932	0.00107889
0.10621242	0.00107855	0.00108432	0.00107855	0.00107812
0.10821643	0.00107776	0.00108688	0.00107776	0.00107734
0.11022044	0.00107696	0.00108043	0.00107696	0.00107655
0.11222445	0.00107615	0.00106731	0.00107615	0.00107575
0.11422846	0.00107533	0.00107039	0.00107533	0.00107493
0.11623246	0.00107450	0.00107933	0.00107450	0.00107411
0.11823647	0.00107365	0.00107735	0.00107365	0.00107327
0.12024048	0.00107279	0.00107153	0.00107279	0.00107242
0.12224449	0.00107192	0.00108452	0.00107192	0.00107156
0.12424850	0.00107104	0.00106948	0.00107104	0.00107068
0.12625251	0.00107015	0.00106000	0.00107015	0.00106980
0.12825651	0.00106925	0.00108267	0.00106925	0.00106890
0.13026052	0.00106834	0.00107466	0.00106834	0.00106800
0.13226453	0.00106741	0.00105334	0.00106741	0.00106708
0.13426854	0.00106648	0.00106644	0.00106648	0.00106616
0.13627255	0.00106553	0.00105547	0.00106553	0.00106522
0.13827655	0.00106457	0.00105793	0.00106457	0.00106427
0.14028056	0.00106361	0.00106614	0.00106361	0.00106331
0.14228457	0.00106263	0.00108406	0.00106263	0.00106234
0.14428858	0.00106164	0.00106358	0.00106164	0.00106137
0.14629259	0.00106065	0.00106962	0.00106065	0.00106038
0.14829659	0.00105964	0.00104771	0.00105964	0.00105938
0.15030060	0.00105863	0.00104936	0.00105863	0.00105837
0.15230461	0.00105760	0.00105975	0.00105760	0.00105736
0.15430862	0.00105657	0.00105971	0.00105657	0.00105633
0.15631263	0.00105552	0.00104628	0.00105552	0.00105530
0.15831663	0.00105447	0.00104885	0.00105447	0.00105426
0.16032064	0.00105341	0.00105420	0.00105341	0.00105321
0.16232465	0.00105234	0.00105196	0.00105234	0.00105215
0.16432866	0.00105127	0.00106534	0.00105127	0.00105108
0.16633267	0.00105018	0.00106186	0.00105018	0.00105000
0.16833667	0.00104909	0.00104491	0.00104909	0.00104892
0.17034068	0.00104799	0.00104630	0.00104799	0.00104783
0.17234469	0.00104688	0.00104992	0.00104688	0.00104673
0.17434870	0.00104576	0.00104229	0.00104576	0.00104562
0.17635271	0.00104464	0.00104664	0.00104464	0.00104451
0.17835671	0.00104351	0.00104122	0.00104351	0.00104339
0.18036072	0.00104237	0.00104350	0.00104237	0.00104226
0.18236473	0.00104123	0.00104450	0.00104123	0.00104113
0.18436874	0.00104008	0.00103859	0.00104008	0.00103999
0.18637275	0.00103892	0.00103896	0.00103892	0.00103884
0.18837675	0.00103776	0.00104206	0.00103776	0.00103769
0.19038076	0.00103659	0.00102343	0.00103659	0.00103653
0.19238477	0.00103542	0.00103559	0.00103542	0.00103537
0.19438878	0.00103423	0.00102945	0.00103423	0.00103420
0.19639279	0.00103305	0.00103012	0.00103305	0.00103302
0.19839679	0.00103186	0.00103281	0.00103186	0.00103184
0.20040080	0.00103066	0.00102627	0.00103066	0.00103065
0.20240481	0.00102946	0.00102051	0.00102946	0.00102946
0.20440882	0.00102826	0.00103177	0.00102826	0.00102827
0.20641283	0.00102705	0.00103073	0.00102705	0.00102707
0.20841683	0.00102583	0.00102751	0.00102583	0.00102587
0.21042084	0.00102461	0.00103982	0.00102461	0.00102466
0.21242485	0.00102339	0.00103081	0.00102339	0.00102345
0.21442886	0.00102216	0.00101503	0.00102216	0.00102223
0.21643287	0.00102093	0.00101079	0.00102093	0.00102101
0.21843687	0.00101970	0.00102918	0.00101970	0.00101979
0.22044088	0.00101847	0.00101004	0.00101847	0.00101856
0.22244489	0.00101723	0.00101668	0.00101723	0.00101734
0.22444890	0.00101599	0.00101825	0.00101599	0.00101611
0.22645291	0.00101474	0.00102366	0.00101474	0.00101487
0.22845691	0.00101349	0.00102852	0.00101349	0.00101364
0.23046092	0.00101225	0.00101512	0.00101225	0.00101240
0.23246493	0.00101100	0.00101149	0.00101100	0.00101116
0.23446894	0.00100974	0.00100679	0.00100974	0.00100992
0.23647295	0.00100849	0.00101931	0.00100849	0.00100867
0.23847695	0.00100723	0.00101374	0.00100723	0.00100743
0.24048096	0.00100598	0.00100598	0.00100598	0.00100618
0.24248497	0.00100472	0.00100180	0.00100472	0.00100494
0.24448898	0.00100346	0.00102536	0.00100346	0.00100369
0.24649299	0.00100220	0.00100183	0.00100220	0.00100244
0.24849699	0.00100094	0.00101548	0.00100094	0.00100120
0.25050100	0.00099969	0.00101088	0.00099969	0.00099995
0.25250501	0.00099843	0.00098523	0.00099843	0.00099870
0.25450902	0.00099717	0.00099255	0.00099717	0.00099745
0.25651303	0.00099591	0.00099694	0.00099591	0.00099620
0.25851703	0.00099465	0.00099859	0.00099465	0.00099496
0.26052104	0.00099339	0.00097177	0.00099339	0.00099371
0.26252505	0.00099214	0.00100279	0.00099214	0.00099247
0.26452906	0.00099088	0.00098275	0.00099088	0.00099122
0.26653307	0.00098963	0.00098994	0.00098963	0.00098998
0.26853707	0.00098838	0.00097550	0.00098838	0.00098874
0.27054108	0.00098713	0.00098643	0.00098713	0.00098750
0.27254509	0.00098588	0.00098615	0.00098588	0.00098626
0.27454910	0.00098464	0.00098298	0.00098464	0.00098503
0.27655311	0.00098339	0.00098022	0.00098339	0.00098380
0.27855711	0.00098215	0.00096531	0.00098215	0.00098257
0.28056112	0.00098092	0.00098019	0.00098092	0.00098134
0.28256513	0.00097968	0.00099952	0.00097968	0.00098012
0.28456914	0.00097845	0.00096600	0.00097845	0.00097890
0.28657315	0.00097722	0.00096843	0.00097722	0.00097768
0.28857715	0.00097600	0.00097609	0.00097600	0.00097647
0.29058116	0.00097478	0.00097817	0.00097478	0.00097526
0.29258517	0.00097356	0.00094734	0.00097356	0.00097405
0.29458918	0.00097235	0.00096318	0.00097235	0.00097285
0.29659319	0.00097114	0.00097308	0.00097114	0.00097165
0.29859719	0.00096994	0.00097656	0.00096994	0.00097046
0.30060120	0.00096874	0.00098274	0.00096874	0.00096927
0.30260521	0.00096755	0.00097737	0.00096755	0.00096809
0.30460922	0.00096636	0.00096003	0.00096636	0.00096691
0.30661323	0.00096517	0.00095935	0.00096517	0.00096574
0.30861723	0.00096400	0.00098311	0.00096400	0.00096457
0.31062124	0.00096282	0.00095846	0.00096282	0.00096341
0.31262525	0.00096166	0.00097419	0.00096166	0.00096225
0.31462926	0.00096050	0.00096350	0.00096050	0.00096110
0.31663327	0.00095935	0.00095272	0.00095935	0.00095996
0.31863727	0.00095820	0.00096161	0.00095820	0.00095882
0.32064128	0.00095706	0.00094674	0.00095706	0.00095769
0.32264529	0.00095592	0.00095753	0.00095592	0.00095657
0.32464930	0.00095480	0.00096230	0.00095480	0.00095545
0.32665331	0.00095368	0.00094458	0.00095368	0.00095434
0.32865731	0.00095257	0.00095424	0.00095257	0.00095324
0.33066132	0.00095146	0.00095492	0.00095146	0.00095214
0.33266533	0.00095036	0.00095414	0.00095036	0.00095106
0.33466934	0.00094927	0.00097195	0.00094927	0.00094998
0.33667335	0.00094819	0.00092888	0.00094819	0.00094890
0.33867735	0.00094712	0.00094937	0.00094712	0.00094784
0.34068136	0.00094606	0.00094843	0.00094606	0.00094679
0.34268537	0.00094500	0.00092574	0.00094500	0.00094574
0.34468938	0.00094395	0.00094115	0.00094395	0.00094470
0.34669339	0.00094291	0.00094271	0.00094291	0.00094367
0.34869739	0.00094189	0.00093435	0.00094189	0.00094265
0.35070140	0.00094087	0.00094119	0.00094087	0.00094164
0.35270541	0.00093985	0.00093254	0.00093985	0.00094064
0.35470942	0.00093885	0.00096023	0.00093885	0.00093965
0.35671343	0.00093786	0.00094234	0.00093786	0.00093866
0.35871743	0.00093688	0.00096349	0.00093688	0.00093769
0.36072144	0.00093591	0.00094489	0.00093591	0.00093673
0.36272545	0.00093495	0.00092171	0.00093495	0.00093577
0.36472946	0.00093400	0.00092336	0.00093400	0.00093483
0.36673347	0.00093306	0.00093953	0.00093306	0.00093390
0.36873747	0.00093213	0.00092249	0.00093213	0.00093298
0.37074148	0.00093121	0.00094072	0.00093121	0.00093207
0.37274549	0.00093030	0.00093185	0.00093030	0.00093117
0.37474950	0.00092940	0.00092642	0.00092940	0.00093028
0.37675351	0.00092851	0.00092761	0.00092851	0.00092940
0.37875752	0.00092764	0.00092050	0.00092764	0.00092853
0.38076152	0.00092678	0.00092139	0.00092678	0.00092767
0.38276553	0.00092592	0.00093936	0.00092592	0.00092683
0.38476954	0.00092508	0.00091930	0.00092508	0.00092600
0.38677355	0.00092426	0.00092006	0.00092426	0.00092518
0.38877756	0.00092344	0.00092855	0.00092344	0.00092437
0.39078156	0.00092264	0.00092314	0.00092264	0.00092357
0.39278557	0.00092184	0.00091813	0.00092184	0.00092279
0.39478958	0.00092107	0.00091375	0.00092107	0.00092201
0.39679359	0.00092030	0.00092685	0.00092030	0.00092125
0.39879760	0.00091954	0.00091069	0.00091954	0.00092051
0.40080160	0.00091880	0.00091770	0.00091880	0.00091977
0.40280561	0.00091807	0.00092881	0.00091807	0.00091905
0.40480962	0.00091736	0.00091988	0.00091736	0.00091834
0.40681363	0.00091666	0.00091429	0.00091666	0.00091764
0.40881764	0.00091597	0.00089641	0.00091597	0.00091696
0.41082164	0.00091529	0.00091308	0.00091529	0.00091629
0.41282565	0.00091463	0.00090953	0.00091463	0.00091563
0.41482966	0.00091398	0.00092910	0.00091398	0.00091499
0.41683367	0.00091335	0.00090290	0.00091335	0.00091436
0.41883768	0.00091272	0.00094972	0.00091272	0.00091374
0.42084168	0.00091212	0.00091733	0.00091212	0.00091314
0.42284569	0.00091152	0.00091845	0.00091152	0.00091255
0.42484970	0.00091094	0.00091367	0.00091094	0.00091198
0.42685371	0.00091038	0.00091738	0.00091038	0.00091142
0.42885772	0.00090983	0.00090747	0.00090983	0.00091087
0.43086172	0.00090929	0.00092170	0.00090929	0.00091034
0.43286573	0.00090877	0.00090437	0.00090877	0.00090982
0.43486974	0.00090826	0.00090768	0.00090826	0.00090932
0.43687375	0.00090776	0.00090210	0.00090776	0.00090883
0.43887776	0.00090728	0.00090745	0.00090728	0.00090835
0.44088176	0.00090682	0.00092430	0.00090682	0.00090789
0.44288577	0.00090637	0.00088252	0.00090637	0.00090745
0.44488978	0.00090594	0.00090152	0.00090594	0.00090701
0.44689379	0.00090552	0.00089972	0.00090552	0.00090660
0.44889780	0.00090511	0.00090310	0.00090511	0.00090620
0.45090180	0.00090472	0.00091075	0.00090472	0.00090581
0.45290581	0.00090435	0.00090490	0.00090435	0.00090544
0.45490982	0.00090399	0.00089912	0.00090399	0.00090508
0.45691383	0.00090364	0.00089528	0.00090364	0.00090474
0.45891784	0.00090331	0.00090265	0.00090331	0.00090442
0.46092184	0.00090300	0.00089944	0.00090300	0.00090410
0.46292585	0.00090270	0.00089762	0.00090270	0.00090381
0.46492986	0.00090242	0.00090544	0.00090242	0.00090353
0.46693387	0.00090215	0.00088646	0.00090215	0.00090326
0.46893788	0.00090190	0.00092305	0.00090190	0.00090301
0.47094188	0.00090166	0.00090904	0.00090166	0.00090278
0.47294589	0.00090144	0.00088965	0.00090144	0.00090256
0.47494990	0.00090124	0.00090903	0.00090124	0.00090236
0.47695391	0.00090105	0.00090774	0.00090105	0.00090217
0.47895792	0.00090087	0.00091332	0.00090087	0.00090200
0.48096192	0.00090071	0.00088316	0.00090071	0.00090184
0.48296593	0.00090057	0.00089128	0.00090057	0.00090170
0.48496994	0.00090045	0.00089965	0.00090045	0.00090157
0.48697395	0.00090033	0.00090628	0.00090033	0.00090146
0.48897796	0.00090024	0.00089569	0.00090024	0.00090137
0.49098196	0.00090016	0.00089309	0.00090016	0.00090129
0.49298597	0.00090010	0.00089818	0.00090010	0.00090123
0.49498998	0.00090005	0.00089066	0.00090005	0.00090118
0.49699399	0.00090002	0.00090771	0.00090002	0.00090115
0.49899800	0.00090000	0.00089332	0.00090000	0.00090113
0.50100200	0.00090000	0.00088544	0.00090000	0.00090113
0.50300601	0.00090002	0.00089713	0.00090002	0.00090115
0.50501002	0.00090005	0.00090769	0.00090005	0.00090118
0.50701403	0.00090010	0.00091400	0.00090010	0.00090123
0.50901804	0.00090016	0.00088370	0.00090016	0.00090129
0.51102204	0.00090024	0.00091456	0.00090024	0.00090137
0.51302605	0.00090033	0.00091207	0.00090033	0.00090146
0.51503006	0.00090045	0.00089696	0.00090045	0.00090157
0.51703407	0.00090057	0.00089781	0.00090057	0.00090170
0.51903808	0.00090071	0.00091055	0.00090071	0.00090184
0.52104208	0.00090087	0.00089086	0.00090087	0.00090200
0.52304609	0.00090105	0.00090146	0.00090105	0.00090217
0.52505010	0.00090124	0.00089669	0.00090124	0.00090236
0.52705411	0.00090144	0.00089397	0.00090144	0.00090256
0.52905812	0.00090166	0.00090764	0.00090166	0.00090278
0.53106212	0.00090190	0.00088889	0.00090190	0.00090301
0.53306613	0.00090215	0.00091280	0.00090215	0.00090326
0.53507014	0.00090242	0.00090469	0.00090242	0.00090353
0.53707415	0.00090270	0.00089559	0.00090270	0.00090381
0.53907816	0.00090300	0.00091595	0.00090300	0.00090410
0.54108216	0.00090331	0.00091764	0.00090331	0.00090442
0.54308617	0.00090364	0.00089032	0.00090364	0.00090474
0.54509018	0.00090399	0.00091596	0.00090399	0.00090508
0.54709419	0.00090435	0.00091090	0.00090435	0.00090544
0.54909820	0.00090472	0.00090232	0.00090472	0.00090581
0.55110220	0.00090511	0.00089772	0.00090511	0.00090620
0.55310621	0.00090552	0.00090200	0.00090552	0.00090660
0.55511022	0.00090594	0.00090028	0.00090594	0.00090701
0.55711423	0.00090637	0.00090634	0.00090637	0.00090745
0.55911824	0.00090682	0.00090839	0.00090682	0.00090789
0.56112224	0.00090728	0.00090923	0.00090728	0.00090835
0.56312625	0.00090776	0.00090328	0.00090776	0.00090883
0.56513026	0.00090826	0.00092137	0.00090826	0.00090932
0.56713427	0.00090877	0.00090458	0.00090877	0.00090982
0.56913828	0.00090929	0.00092724	0.00090929	0.00091034
0.57114228	0.00090983	0.00090402	0.00090983	0.00091087
0.57314629	0.00091038	0.00091492	0.00091038	0.00091142
0.57515030	0.00091094	0.00091793	0.00091094	0.00091198
0.57715431	0.00091152	0.00091293	0.00091152	0.00091255
0.57915832	0.00091212	0.00089689	0.00091212	0.00091314
0.58116232	0.00091272	0.00091420	0.00091272	0.00091374
0.58316633	0.00091335	0.00091144	0.00091335	0.00091436
0.58517034	0.00091398	0.00091186	0.00091398	0.00091499
0.58717435	0.00091463	0.00091178	0.00091463	0.00091563
0.58917836	0.00091529	0.00091046	0.00091529	0.00091629
0.59118236	0.00091597	0.00091837	0.00091597	0.00091696
0.59318637	0.00091666	0.00092239	0.00091666	0.00091764
0.59519038	0.00091736	0.00092395	0.00091736	0.00091834
0.59719439	0.00091807	0.00092368	0.00091807	0.00091905
0.59919840	0.00091880	0.00092320	0.00091880	0.00091977
0.60120240	0.00091954	0.00092027	0.00091954	0.00092051
0.60320641	0.00092030	0.00091312	0.00092030	0.00092125
0.60521042	0.00092107	0.00092669	0.00092107	0.00092201
0.60721443	0.00092184	0.00092283	0.00092184	0.00092279
0.60921844	0.00092264	0.00091960	0.00092264	0.00092357
0.61122244	0.00092344	0.00092216	0.00092344	0.00092437
0.61322645	0.00092426	0.00093426	0.00092426	0.00092518
0.61523046	0.00092508	0.00091795	0.00092508	0.00092600
0.61723447	0.00092592	0.00093794	0.00092592	0.00092683
0.61923848	0.00092678	0.00091946	0.00092678	0.00092767
0.62124248	0.00092764	0.00092494	0.00092764	0.00092853
0.62324649	0.00092851	0.00093291	0.00092851	0.00092940
0.62525050	0.00092940	0.00094455	0.00092940	0.00093028
0.62725451	0.00093030	0.00093703	0.00093030	0.00093117
0.62925852	0.00093121	0.00094679	0.00093121	0.00093207
0.63126253	0.00093213	0.00092236	0.00093213	0.00093298
0.63326653	0.00093306	0.00093938	0.00093306	0.00093390
0.63527054	0.00093400	0.00093786	0.00093400	0.00093483
0.63727455	0.00093495	0.00093766	0.00093495	0.00093577
0.63927856	0.00093591	0.00094214	0.00093591	0.00093673
0.64128257	0.00093688	0.00093408	0.00093688	0.00093769
0.64328657	0.00093786	0.00095123	0.00093786	0.00093866
0.64529058	0.00093885	0.00094872	0.00093885	0.00093965
0.64729459	0.00093985	0.00095139	0.00093985	0.00094064
0.64929860	0.00094087	0.00093119	0.00094087	0.00094164
0.65130261	0.00094189	0.00094348	0.00094189	0.00094265
0.65330661	0.00094291	0.00096117	0.00094291	0.00094367
0.65531062	0.00094395	0.00094575	0.00094395	0.00094470
0.65731463	0.00094500	0.00094636	0.00094500	0.00094574
0.65931864	0.00094606	0.00094837	0.00094606	0.00094679
0.66132265	0.00094712	0.00093808	0.00094712	0.00094784
0.66332665	0.00094819	0.00093609	0.00094819	0.00094890
0.66533066	0.00094927	0.00094309	0.00094927	0.00094998
0.66733467	0.00095036	0.00094073	0.00095036	0.00095106
0.66933868	0.00095146	0.00095773	0.00095146	0.00095214
0.67134269	0.00095257	0.00095315	0.00095257	0.00095324
0.67334669	0.00095368	0.00095851	0.00095368	0.00095434
0.67535070	0.00095480	0.00094600	0.00095480	0.00095545
0.67735471	0.00095592	0.00096524	0.00095592	0.00095657
0.67935872	0.00095706	0.00095187	0.00095706	0.00095769
0.68136273	0.00095820	0.00095239	0.00095820	0.00095882
0.68336673	0.00095935	0.00096547	0.00095935	0.00095996
0.68537074	0.00096050	0.00095465	0.00096050	0.00096110
0.68737475	0.00096166	0.00096083	0.00096166	0.00096225
0.68937876	0.00096282	0.00096079	0.00096282	0.00096341
0.69138277	0.00096400	0.00096883	0.00096400	0.00096457
0.69338677	0.00096517	0.00095745	0.00096517	0.00096574
0.69539078	0.00096636	0.00097334	0.00096636	0.00096691
0.69739479	0.00096755	0.00095850	0.00096755	0.00096809
0.69939880	0.00096874	0.00096378	0.00096874	0.00096927
0.70140281	0.00096994	0.00096786	0.00096994	0.00097046
0.70340681	0.00097114	0.00097727	0.00097114	0.00097165
0.70541082	0.00097235	0.00097382	0.00097235	0.00097285
0.70741483	0.00097356	0.00098042	0.00097356	0.00097405
0.70941884	0.00097478	0.00098412	0.00097478	0.00097526
0.71142285	0.00097600	0.00096551	0.00097600	0.00097647
0.71342685	0.00097722	0.00097155	0.00097722	0.00097768
0.71543086	0.00097845	0.00097967	0.00097845	0.00097890
0.71743487	0.00097968	0.00097815	0.00097968	0.00098012
0.71943888	0.00098092	0.00097962	0.00098092	0.00098134
0.72144289	0.00098215	0.00098697	0.00098215	0.00098257
0.72344689	0.00098339	0.00098351	0.00098339	0.00098380
0.72545090	0.00098464	0.00099423	0.00098464	0.00098503
0.72745491	0.00098588	0.00100053	0.00098588	0.00098626
0.72945892	0.00098713	0.00098765	0.00098713	0.00098750
0.73146293	0.00098838	0.00098312	0.00098838	0.00098874
0.73346693	0.00098963	0.00099303	0.00098963	0.00098998
0.73547094	0.00099088	0.00099320	0.00099088	0.00099122
0.73747495	0.00099214	0.00099718	0.00099214	0.00099247
0.73947896	0.00099339	0.00100164	0.00099339	0.00099371
0.74148297	0.00099465	0.00099363	0.00099465	0.00099496
0.74348697	0.00099591	0.00099391	0.00099591	0.00099620
0.74549098	0.00099717	0.00099765	0.00099717	0.00099745
0.74749499	0.00099843	0.00099995	0.00099843	0.00099870
0.74949900	0.00099969	0.00101382	0.00099969	0.00099995
0.75150301	0.00100094	0.00100779	0.00100094	0.00100120
0.75350701	0.00100220	0.00100457	0.00100220	0.00100244
0.75551102	0.00100346	0.00100618	0.00100346	0.00100369
0.75751503	0.00100472	0.00101921	0.00100472	0.00100494
0.75951904	0.00100598	0.00100851	0.00100598	0.00100618
0.76152305	0.00100723	0.00101848	0.00100723	0.00100743
0.76352705	0.00100849	0.00100095	0.00100849	0.00100867
0.76553106	0.00100974	0.00099232	0.00100974	0.00100992
0.76753507	0.00101100	0.00101445	0.00101100	0.00101116
0.76953908	0.00101225	0.00101173	0.00101225	0.00101240
0.77154309	0.00101349	0.00102681	0.00101349	0.00101364
0.77354709	0.00101474	0.00102091	0.00101474	0.00101487
0.77555110	0.00101599	0.00102610	0.00101599	0.00101611
0.77755511	0.00101723	0.00102750	0.00101723	0.00101734
0.77955912	0.00101847	0.00102201	0.00101847	0.00101856
0.78156313	0.00101970	0.00101918	0.00101970	0.00101979
0.78356713	0.00102093	0.00102760	0.00102093	0.00102101
0.78557114	0.00102216	0.00102047	0.00102216	0.00102223
0.78757515	0.00102339	0.00104340	0.00102339	0.00102345
0.78957916	0.00102461	0.00104169	0.00102461	0.00102466
0.79158317	0.00102583	0.00102703	0.00102583	0.00102587
0.79358717	0.00102705	0.00101451	0.00102705	0.00102707
0.79559118	0.00102826	0.00103826	0.00102826	0.00102827
0.79759519	0.00102946	0.00103674	0.00102946	0.00102946
0.79959920	0.00103066	0.00103347	0.00103066	0.00103065
0.80160321	0.00103186	0.00102369	0.00103186	0.00103184
0.80360721	0.00103305	0.00102643	0.00103305	0.00103302
0.80561122	0.00103423	0.00103446	0.00103423	0.00103420
0.80761523	0.00103542	0.00104425	0.00103542	0.00103537
0.80961924	0.00103659	0.00103486	0.00103659	0.00103653
0.81162325	0.00103776	0.00104222	0.00103776	0.00103769
0.81362725	0.00103892	0.00102274	0.00103892	0.00103884
0.81563126	0.00104008	0.00104410	0.00104008	0.00103999
0.81763527	0.00104123	0.00104633	0.00104123	0.00104113
0.81963928	0.00104237	0.00106022	0.00104237	0.00104226
0.82164329	0.00104351	0.00104620	0.00104351	0.00104339
0.82364729	0.00104464	0.00103860	0.00104464	0.00104451
0.82565130	0.00104576	0.00103720	0.00104576	0.00104562
0.82765531	0.00104688	0.00106591	0.00104688	0.00104673
0.82965932	0.00104799	0.00104957	0.00104799	0.00104783
0.83166333	0.00104909	0.00104596	0.00104909	0.00104892
0.83366733	0.00105018	0.00106458	0.00105018	0.00105000
0.83567134	0.00105127	0.00105328	0.00105127	0.00105108
0.83767535	0.00105234	0.00105723	0.00105234	0.00105215
0.83967936	0.00105341	0.00105516	0.00105341	0.00105321
0.84168337	0.00105447	0.00107537	0.00105447	0.00105426
0.84368737	0.00105552	0.00106038	0.00105552	0.00105530
0.84569138	0.00105657	0.00105579	0.00105657	0.00105633
0.84769539	0.00105760	0.00105941	0.00105760	0.00105736
0.84969940	0.00105863	0.00107090	0.00105863	0.00105837
0.85170341	0.00105964	0.00105861	0.00105964	0.00105938
0.85370741	0.00106065	0.00105049	0.00106065	0.00106038
0.85571142	0.00106164	0.00106873	0.00106164	0.00106137
0.85771543	0.00106263	0.00108012	0.00106263	0.00106234
0.85971944	0.00106361	0.00105144	0.00106361	0.00106331
0.86172345	0.00106457	0.00105298	0.00106457	0.00106427
0.86372745	0.00106553	0.00106448	0.00106553	0.00106522
0.86573146	0.00106648	0.00105503	0.00106648	0.00106616
0.86773547	0.00106741	0.00105754	0.00106741	0.00106708
0.86973948	0.00106834	0.00108128	0.00106834	0.00106800
0.87174349	0.00106925	0.00106640	0.00106925	0.00106890
0.87374749	0.00107015	0.00107420	0.00107015	0.00106980
0.87575150	0.00107104	0.00106657	0.00107104	0.00107068
0.87775551	0.00107192	0.00106219	0.00107192	0.00107156
0.87975952	0.00107279	0.00106866	0.00107279	0.00107242
0.88176353	0.00107365	0.00106768	0.00107365	0.00107327
0.88376754	0.00107450	0.00108010	0.00107450	0.00107411
0.88577154	0.00107533	0.00106588	0.00107533	0.00107493
0.88777555	0.00107615	0.00107490	0.00107615	0.00107575
0.88977956	0.00107696	0.00108058	0.00107696	0.00107655
0.89178357	0.00107776	0.00107509	0.00107776	0.00107734
0.89378758	0.00107855	0.00107082	0.00107855	0.00107812
0.89579158	0.00107932	0.00106844	0.00107932	0.00107889
0.89779559	0.00108008	0.00107635	0.00108008	0.00107964
0.89979960	0.00108083	0.00107539	0.00108083	0.00108038
0.90180361	0.00108156	0.00107954	0.00108156	0.00108111
0.90380762	0.00108228	0.00109100	0.00108228	0.00108183
0.90581162	0.00108299	0.00106808	0.00108299	0.00108253
0.90781563	0.00108369	0.00109667	0.00108369	0.00108322
0.90981964	0.00108437	0.00108029	0.00108437	0.00108390
0.91182365	0.00108504	0.00108720	0.00108504	0.00108456
0.91382766	0.00108570	0.00108727	0.00108570	0.00108521
0.91583166	0.00108634	0.00108248	0.00108634	0.00108585
0.91783567	0.00108697	0.00108707	0.00108697	0.00108647
0.91983968	0.00108758	0.00108258	0.00108758	0.00108708
0.92184369	0.00108818	0.00110557	0.00108818	0.00108767
0.92384770	0.00108877	0.00109787	0.00108877	0.00108826
0.92585170	0.00108934	0.00108599	0.00108934	0.00108882
0.92785571	0.00108990	0.00109605	0.00108990	0.00108938
0.92985972	0.00109045	0.00108910	0.00109045	0.00108992
0.93186373	0.00109098	0.00109910	0.00109098	0.00109044
0.93386774	0.00109149	0.00109108	0.00109149	0.00109095
0.93587174	0.00109199	0.00110905	0.00109199	0.00109145
0.93787575	0.00109248	0.00108867	0.00109248	0.00109193
0.93987976	0.00109295	0.00107957	0.00109295	0.00109240
0.94188377	0.00109341	0.00109243	0.00109341	0.00109285
0.94388778	0.00109385	0.00107396	0.00109385	0.00109329
0.94589178	0.00109428	0.00108978	0.00109428	0.00109371
0.94789579	0.00109469	0.00109945	0.00109469	0.00109412
0.94989980	0.00109509	0.00110308	0.00109509	0.00109452
0.95190381	0.00109547	0.00108121	0.00109547	0.00109490
0.95390782	0.00109584	0.00109666	0.00109584	0.00109526
0.95591182	0.00109619	0.00108210	0.00109619	0.00109561
0.95791583	0.00109652	0.00110649	0.00109652	0.00109594
0.95991984	0.00109685	0.00110938	0.00109685	0.00109626
0.96192385	0.00109715	0.00110154	0.00109715	0.00109656
0.96392786	0.00109744	0.00109391	0.00109744	0.00109685
0.96593186	0.00109772	0.00108056	0.00109772	0.00109713
0.96793587	0.00109798	0.00109902	0.00109798	0.00109738
0.96993988	0.00109822	0.00109316	0.00109822	0.00109762
0.97194389	0.00109845	0.00108125	0.00109845	0.00109785
0.97394790	0.00109866	0.00110438	0.00109866	0.00109806
0.97595190	0.00109886	0.00109750	0.00109886	0.00109826
0.97795591	0.00109904	0.00110882	0.00109904	0.00109844
0.97995992	0.00109921	0.00110527	0.00109921	0.00109860
0.98196393	0.00109936	0.00110069	0.00109936	0.00109875
0.98396794	0.00109949	0.00109575	0.00109949	0.00109889
0.98597194	0.00109961	0.00109848	0.00109961	0.00109900
0.98797595	0.00109971	0.00108943	0.00109971	0.00109910
0.98997996	0.00109980	0.00110328	0.00109980	0.00109919
0.99198397	0.00109987	0.00110159	0.00109987	0.00109926
0.99398798	0.00109993	0.00110500	0.00109993	0.00109932
0.99599198	0.00109997	0.00110297	0.00109997	0.00109936
0.99799599	0.00109999	0.00109035	0.00109999	0.00109938
1.00000000	0.00110000	0.00109460	0.00110000	0.00109939
